baseline: 0.8944664031620553
after_ga: 0.9217391304347826
selected_count: 277
